000000001007003020500020000010400008002070600900008050000010007040700900800000000
000000004007003060500060000040800006006070300200006090000080007090400200300000000
000000001007004020500090000090400006008070500600008040000050007040300800200000000
000000004007003060100060000010400006006070300200006090000080007090500100300000000
000000001007003020500020000010400008002070600900008050000050007040700800200000000
000000003007002040500080000010400009002070500900003010000050007040800200300000000
000000006007002040500080000010400009002060500900003010000050007090800400300000000
000000001002003040500020000010600004007050800900007030000090005030700600200000000
000000001007009020500060000030400005008070400900008030000090007040600800200000000
000000001002003040500010000060200007003070500400006080000050002080100600900000000
000000005007003020500090000010400008005070400600002050000080007020900800800000000
000000001002003040500020000010200006007080400800007030000060002060100500300000000
000000001002003040500040000060500007004020800100009030000060005080100600600000000
000000007002003040500060000060500001009040800700009030000010006090700500800000000
000000007009002040500090000030100008006070500900006030000050004060800100300000000
000000001007003020500060000010400003004070600900008050000010007040700200800000000
000000005006007090700060000010500003004030800800002040000070009050300100600000000
000000007008003090400090000060700003002030400900002060000080001020400600600000000
000000001002003040500060000010200007006070500400008030000010002040500600300000000
000000001002001030400050000030200006007040500800006090000070002050100400900000000
000000003007006010800070000020900001005080200700003090000050006010600800300000000
000000004007003020100080000010400005008020100900005070000070003060300800200000000
000000008005006020400080000070200001003010500600009030000050004090100800200000000
000000001007003020300080000010800002009050600500009040000030007020100800400000000
000000005006003040100080000050900007008070900400006030000090006040700200300000000
000000001002003040300020000010500004004060700200008090000050007030700500600000000
000000005006008010400070000050200009007030200900006040000050001080300700100000000
000000004007003020500090000010400008009070500800005060000080002060200800300000000
000000001007003020800090000010700005008030900700002030000080004060400100200000000
000000001002003040800020000010600004007050800900007030000090005030500900200000000
000000001007006020500090000080400009003070400600008030000020007040900800200000000
000000004007003060500060000010400008008070300200006050000080007090700200600000000
000000001008009040500060000040100008002080900900005030000010004070300600300000000
000000001009001030700080000050300006008060200300005010000020009020700400100000000
000000006006002070500090000080500007009070200300001060000060008010800400200000000
000000007008003090400020000060700008002050400900001060000080005020400600600000000
000000005003005040700090000030500004009020300200007060000010009010400800600000000
000000001002003040900070000040100008007090600800002050000030007010500200400000000
000000007001006050200040000030100005009080300800007010000090006050600200700000000
000000001002003040500060000010200007006080900800007020000010004080400500300000000
000000001002003040500060000010700003006030500800004020000010007090500600400000000
000000002006009040700040000010200008004060900500001030000080006070100500900000000
000000001002003040500020000010500003006030700800009060000070002060900500400000000
000000001002003040500060000060700005008010200300004080000020007010500600700000000
000000008009002040500090000010400006002070500900008030000050001040700800300000000
000000001009002040500090000030400008006070500900006030000050002040800100300000000
000000002001003090500070000020400003007030800600009050000050001090600700400000000
000000001007003020800090000010800005005070600400002090000060004050100800200000000
000000008009002050200010000080500002006040900100003070000060003050800400700000000
000000001002003040500060000010700008009050700200004090000080005080100600400000000
000000001007004020800020000010900004002070600300008050000090007050600900900000000
000000002008003090400060000060700008007020400900005030000080005020400600300000000
000000001002003040500020000010500006007080900300004080000090007040600500200000000
000000001007004020500060000010400008006070900300008040000050007040300800200000000
000000003002003040800070000090100006007060900400005080000080002040300100500000000
000000001002003040300020000010500006003060700200004080000070005040600900800000000
000000001002003040300050000010600002007080600900004070000060009030100500400000000
000000001002003040500060000070500008003020900100004070000040006060100500700000000
000000008007003020900010000010400009005070400200005060000080001060300800300000000
000000001002003040500060000010400002007080900600005030000090008040200700300000000
000000001002003040400020000010500006007080400200009030000040007060100500300000000
000000001002003040500060000010700002008090500300004060000050007070100200400000000
000000001002009040400030000010700008008060200700004090000020006070100500900000000
000000001008009040500060000010400008006020500200001030000050004020300600400000000
000000001007003020500090000010800005008070600400002090000060004090100700200000000
000000001002003040300050000010400005006070800700002090000030002050800600900000000
000000001007003020500060000010400008009050600300002090000010005040700300700000000
000000001002003040500060000010700005008020700400008030000010002060500900300000000
000000008002003040500070000080900001003060200900004070000020005040800100300000000
000000001002003040500010000060200007007080900200004010000090005040500800300000000
000000004006003010200090000040600008009070500500008030000040007030500900100000000
000000001002003040600040000060500007004020800100009030000080005050100600300000000
000000001006002070800090000070100008009040600500003040000080009050700200300000000
000000002006009040300050000010200008004060300500001090000030006080100500900000000
000000001002003040300050000010400006007030200600008050000020009040900700500000000
000000003007002010500090000030400008009070500200006040000080007020500400600000000
000000001002003040500060000070400008003020500600001090000050007040800100700000000
000000001002003040300050000040100007008030500700006090000020008070400600900000000
000000004004006050100080000020700003009030800700005010000090002070100600500000000
000000001002003040500060000010500002006070800400006030000080007080100900300000000
000000007002003040100060000040700005003010200800006090000050003080400100900000000
000000004008005020500030000040700006005060100200009080000070003020300600700000000
000000002002003040800090000060300007005080900400007010000050003090600800100000000
000000001002003040500060000040100007006020500800009030000070006030500800900000000
000000006009002070700010000040500003008030700200009010000060005060300900100000000
000000008002003040900070000050100009003060200800004070000020005040800100300000000
000000004008003060500020000060400008009070500200001030000080007030500900100000000
000000001002003040300050000010200006007030800600009050000070008090800200500000000
000000001002003040500060000040100007006020500300008090000070006090500300800000000
000000007002003040500060000040700008006030200900005010000080009010200600700000000
000000001002003040500080000010700006008020700400008030000060002060500900300000000
000000001002003040700040000080500009004030700300001060000020005010900800600000000
000000001002003040500060000040100007008020900600008030000090002030500600800000000
000000003002003040500060000040700005006010200800009030000050006080400100900000000
000000008004003070900060000080100007005040900600002030000090006010700500200000000
000000001002003040300060000040200007008030500600001090000020008010500700900000000
000000001002003040400050000010600007005040200300008090000060005080700300900000000
000000001002003040500060000010700004007020600800009030000050002080100500900000000
000000004007003060100090000050400008002070500600005030000080001030900200500000000
000000001002003040500060000010700008007050600300006090000080007090500200400000000
000000001002003040300050000060700008003090100200004060000010007070800900600000000
